acasxu_2023|85
cifar100_2024|1,3,15,24,33,40,47,49,51,53,62,64,69,71,76,79,81,83,88,90,95,106,108,113,123,136,155,161,165,175
collins_aerospace_benchmark|0,1,2,3,4,5
cora_2024|4
malbeware|23
nn4sys|146,147,148,149,150,151,152,153,154,155,156,157,158,159,169,170,180,181,182,183,184,185,186,187,188,189,190,191,192,193
relusplitter|2,111,113,145,166,170,176,181,187,194,198,204,214
safenlp_2024|77,725
soundnessbench|32,43
tinyimagenet_2024|36
traffic_signs_recognition_2023|15
yolo_2023|4,8,11,21,26,32,34,35,39,45,57,58,61,62,65,66,67,71
